| 0.86   | 8.1    |
| 1.93   | 18.3   |
| 3.02   | 28.5   |
| 4.06   | 38.2   |
| 5	     | 47.1   |
| 6	     | 56.9   |
| 7.35   | 69.6   |
| 7.99   | 75.8   |
| 9.42   | 89.8   |
| 10.16  | 97.3   |
| 11.11  | 106.8  |
| 12     | 116    |
| 13.16  | 128    |
| 14.71  | 144.2  |
| 15.6   | 153.8  |
| 16.7   | 165.5  |
| 17.14  | 171.2  |
| -1.91  | -17.8  |
| -3.42  | -32.1  |
| -4.46  | -42.1  |
| -5.16  | -48.6  |
| -7.06  | -67.1  |
| -8.55  | -81.6  |
| -9.28  | -88.8  |
| -10.45 | -100.6 |
| -11.84 | -114.9 |
| -12.97 | -126.8 |
| -15.56 | -153.9 |
| -17.07 | -170.1 |

